0 0 0 0 0 0 0 -1,0 0,0
0,7299183 2,633203 0,5501734 1,246479 0,8385854 5,246816 1,531628 -1,0 0,0
0,7299183 2,633203 0,5501734 1,246479 0,8385854 5,246816 1,531628 -1,0 0,0
0,7299183 2,633203 0,5501734 1,246479 0,8385854 5,246816 1,531628 -1,0 0,0
0,7299183 2,633203 0,5501734 1,246479 0,8385854 5,246816 1,531628 -1,0 0,0
0,7299183 2,633203 0,5501734 1,246479 0,8385854 5,246816 1,531628 -1,0 0,0
0,7299183 2,633203 0,5501734 1,246479 0,8385854 5,246816 1,531628 -1,0 0,0
0,7299183 2,633203 0,5501734 1,246479 0,8385854 5,246816 1,531628 -1,0 0,0
0,7299184 2,633204 0,5501734 1,246479 0,8385854 5,246816 1,531628 -1,0 0,0
0,7299184 2,633204 0,5501734 1,246479 0,8385854 5,246816 1,531628 -1,0 0,0
0,7299184 2,633204 0,5501734 1,246479 0,8385854 5,246816 1,531628 -1,0 0,0
0,7299184 2,633204 0,5501734 1,246479 0,8385854 5,246816 1,531629 -1,0 0,0
0,7299183 2,633204 0,5501734 1,246479 0,8385854 5,246816 1,531629 -1,0 0,0
0,7299183 2,633204 0,5501734 1,246479 0,8385854 5,246816 1,531629 -1,0 0,0
0,7299182 2,633204 0,5501734 1,246478 0,8385854 5,246816 1,531629 -1,0 0,0
0,7299183 2,633204 0,5501734 1,246478 0,8385856 5,246816 1,531629 -1,0 0,0
0,7299183 2,633204 0,5501734 1,246478 0,8385856 5,246816 1,531629 -1,0 0,0
0,7299183 2,633204 0,5501734 1,246478 0,8385855 5,246816 1,531629 -1,0 0,0
0,7299183 2,633204 0,5501734 1,246478 0,8385856 5,246816 1,531629 -1,0 0,0
0,7299183 2,633204 0,5501734 1,246478 0,8385856 5,246816 1,531629 -1,0 0,0
0,7299183 2,633204 0,5501735 1,246478 0,8385856 5,246816 1,531629 -1,0 0,0
0,7299183 2,633204 0,5501735 1,246478 0,8385857 5,246816 1,531629 -1,0 0,0
0,7299183 2,633204 0,5501735 1,246478 0,8385857 5,246816 1,531629 -1,0 0,0
0,7299183 2,633204 0,5501735 1,246478 0,8385857 5,246816 1,531629 -1,0 0,0
0,7299327 2,632926 0,5501699 1,246565 0,8385483 5,246623 1,531502 -1,0 0,0
0,7299601 2,632441 0,5501616 1,24672 0,8384809 5,246298 1,531277 -1,0 0,0
0,7299864 2,631981 0,5501531 1,246868 0,838416 5,245995 1,531062 -1,0 0,0
0,730009 2,631576 0,5501465 1,246997 0,8383598 5,245696 1,530876 -1,0 0,0
0,7304691 2,627353 6,964564 1,249015 0,8375099 5,249595 1,528403 -1,0 0,0
0,7310093 2,622427 6,952977 1,251387 0,8365175 5,254157 1,52552 -1,0 0,0
0,7316818 2,616796 6,939808 1,25419 0,8353196 5,259406 1,522168 -1,0 0,0
0,732739 2,608349 6,918822 1,258528 0,8334723 5,267919 1,517074 -1,0 0,0
0,73428 2,59637 6,888013 1,264838 0,830819 5,280639 1,509806 -1,0 0,0
0,7362782 2,581303 6,84865 1,273004 0,8274377 5,297225 1,500623 -1,0 0,0
0,7387642 2,563045 0,5441928 1,283211 0,8233072 5,318081 1,489472 -1,0 0,0
0,7419149 2,540576 0,5420897 1,296241 0,8181852 5,34245 1,475728 -1,0 0,0
0,7451839 2,517937 0,5399472 1,309878 0,8128386 5,366649 1,461884 -1,0 0,0
0,748325 2,496741 0,5379271 1,323106 0,8076645 5,389751 1,448941 -1,0 0,0
0,75117 2,477955 0,5361304 1,335199 0,803081 5,410462 1,437493 -1,0 0,0
0,7535873 2,46225 0,5346279 1,345555 0,7992641 5,427735 1,426562 -1,0 0,0
0,7554737 2,450089 0,5334709 1,353687 0,7963368 5,440753 1,418155 -1,0 0,0
0,756841 2,441239 0,5326417 1,359606 0,7942474 5,44961 1,412158 -1,0 0,0
0,7576572 2,435782 0,5321523 1,363145 0,7930216 5,454065 1,408621 -1,0 0,0
0,7581989 2,431993 0,5318307 1,365491 0,7922229 5,456274 1,406299 -1,0 0,0
0,7585956 2,428986 0,5315976 1,367207 0,7916489 5,457271 1,404611 -1,0 0,0
0,7589146 2,426261 0,5314119 1,368584 0,7911953 5,457575 1,403263 -1,0 0,0
0,7591905 2,423849 0,5312527 1,369772 0,7908093 5,457461 1,402104 -1,0 0,0
0,7594436 2,421593 0,5311073 1,370862 0,7904591 5,457093 1,401043 -1,0 0,0
0,7596847 2,41941 0,53097 1,3719 0,7901288 5,456557 1,400035 -1,0 0,0
0,7599214 2,417246 0,5308357 1,37292 0,7898062 5,455906 1,399046 -1,0 0,0
0,7601594 2,415072 0,5307004 1,37394 0,7894832 5,455174 1,398057 -1,0 0,0
0,7603987 2,412865 0,5305648 1,374969 0,7891592 5,454387 1,397061 -1,0 0,0
0,7606427 2,410619 0,5304266 1,376017 0,7888295 5,453552 1,396047 -1,0 0,0
0,7608931 2,408316 0,5302471 1,377091 0,7884917 5,452683 1,395009 -1,0 0,0
0,7611497 2,40596 0,5300404 1,37819 0,7881458 5,451778 1,393948 -1,0 0,0
0,761412 2,403547 0,5298291 1,379315 0,7877924 5,450844 1,392861 -1,0 0,0
0,7616808 2,401076 0,5296127 1,380467 0,7874077 5,449881 1,39175 -1,0 0,0
0,7619562 2,398547 0,5293909 1,382057 0,7869333 5,448888 1,390613 -1,0 0,0
0,7622372 2,395958 0,5291646 1,383908 0,7864488 5,447871 1,38945 -1,0 0,0
0,7625262 2,393306 0,5289319 1,385806 0,7859511 5,44683 1,388256 -1,0 0,0
0,7628222 2,390594 0,5286933 1,387749 0,785442 5,445763 1,387036 -1,0 0,0
0,7631239 2,387827 0,5284504 1,389733 0,7849227 5,444667 1,385792 -1,0 0,0
0,7634338 2,384993 0,5282007 1,391767 0,7843902 5,443549 1,384518 -1,0 0,0
0,7637497 2,3821 0,5279464 1,393846 0,7838468 5,442408 1,383216 -1,0 0,0
0,7640739 2,379144 0,5276856 1,395972 0,7832906 5,441241 1,381886 -1,0 0,0
0,7644054 2,376126 0,5274187 1,398147 0,7827218 5,440054 1,380526 -1,0 0,0
0,7647432 2,373051 0,5271471 1,400364 0,7821429 5,438839 1,379141 -1,0 0,0
0,7650871 2,369917 0,5268706 1,402624 0,7815531 5,437602 1,377731 -1,0 0,0
0,7654391 2,366722 0,5265877 1,404933 0,7809504 5,436338 1,376292 -1,0 0,0
0,7657982 2,363464 0,5262991 1,40729 0,7803359 5,435054 1,374824 -1,0 0,0
0,7661643 2,360149 0,5260051 1,409691 0,7797101 5,433744 1,373329 -1,0 0,0
0,7665383 2,356771 0,5257047 1,412141 0,7790713 5,432412 1,371806 -1,0 0,0
0,7669184 2,353337 0,5253993 1,414634 0,7784222 5,431053 1,370257 -1,0 0,0
0,7673053 2,349846 0,5250886 1,417172 0,7777619 5,429668 1,368511 -1,0 0,0
0,7676999 2,346293 0,5247718 1,419759 0,7770889 5,428264 1,366721 -1,0 0,0
0,768101 2,342684 0,5244502 1,422389 0,7764058 5,426835 1,364902 -1,0 0,0
0,76851 2,339012 0,5241221 1,425068 0,7757094 5,425381 1,363052 -1,0 0,0
0,768925 2,335287 0,5237893 1,42779 0,775003 5,423903 1,361175 -1,0 0,0
0,7693474 2,331502 0,5234507 1,430559 0,774285 5,4224 1,359267 -1,0 0,0
0,7697781 2,327656 0,5231054 1,433378 0,7735537 5,420878 1,357327 -1,0 0,0
0,7702155 2,323756 0,522755 1,436241 0,7728117 5,419329 1,355359 -1,0 0,0
0,7706601 2,319795 0,5223988 1,439152 0,7720579 5,417757 1,35336 -1,0 0,0
0,7711117 2,315779 0,5220373 1,442108 0,7712927 5,416162 1,351333 -1,0 0,0
0,7715701 2,311706 0,5216702 1,44511 0,7705167 5,414542 1,349277 -1,0 0,0
0,7720355 2,307576 0,5212978 1,448158 0,7697291 5,412902 1,347192 -1,0 0,0
0,7725086 2,303389 0,5209195 1,451252 0,7689301 5,411235 1,345077 -1,0 0,0
0,7731256 2,299144 0,520536 1,454394 0,7681196 5,409549 1,342933 -1,0 0,0
0,7738155 2,294844 0,5201462 1,457584 0,767297 5,407836 1,340759 -1,0 0,0
0,7745155 2,290486 0,5197508 1,46082 0,7664633 5,406102 1,338556 -1,0 0,0
0,7752251 2,286071 0,5193502 1,464104 0,7656182 5,404348 1,336324 -1,0 0,0
0,7759448 2,2816 0,5189438 1,467435 0,7647616 5,402569 1,334063 -1,0 0,0
0,7766755 2,277072 0,5185311 1,470814 0,7638928 5,400769 1,331772 -1,0 0,0
0,7774156 2,27249 0,5181134 1,474239 0,7630135 5,398946 1,329454 -1,0 0,0
0,7781652 2,267856 0,5176903 1,477708 0,762123 5,397096 1,327108 -1,0 0,0
0,7789262 2,263161 0,5172605 1,481229 0,7612199 5,395226 1,32473 -1,0 0,0
0,7796974 2,258412 0,5168253 1,484798 0,7603053 5,393334 1,322325 -1,0 0,0
0,7804783 2,25361 0,5163845 1,488413 0,7593798 5,39121 1,319891 -1,0 0,0
0,7812696 2,248752 0,5159377 1,492075 0,7584426 5,38906 1,317428 -1,0 0,0
0,7820718 2,243839 0,5154848 1,495787 0,7574934 5,386887 1,314936 -1,0 0,0
0,782883 2,238873 0,5150273 1,499544 0,7565343 5,384688 1,312418 -1,0 0,0
0,7837049 2,23385 0,5145635 1,503351 0,7555627 5,382466 1,30987 -1,0 0,0
0,7845376 2,228774 0,5140938 1,507207 0,7545795 5,38022 1,307294 -1,0 0,0
0,7853792 2,223646 0,5136192 1,511108 0,7535863 5,377947 1,304691 -1,0 0,0
0,7862319 2,218463 0,5131383 1,515059 0,752581 5,375649 1,302059 -1,0 0,0
0,7870945 2,213231 0,5126518 1,519056 0,7515645 5,373325 1,2994 -1,0 0,0
0,7879676 2,207941 0,5121596 1,523103 0,7505366 5,370979 1,296713 -1,0 0,0
0,7888509 2,202598 0,5116616 1,529183 0,7494974 5,368609 1,293997 -1,0 0,0
0,7897452 2,197202 0,5111576 1,535986 0,7484463 5,366214 1,291253 -1,0 0,0
0,7906505 2,191752 0,5106471 1,542875 0,7473829 5,363794 1,288479 -1,0 0,0
0,7915655 2,186251 0,5101314 1,54984 0,7463092 5,36135 1,28568 -1,0 0,0
0,7924908 2,180698 0,5096098 1,556889 0,7452239 5,358881 1,282853 -1,0 0,0
0,7934262 2,175095 0,5090829 1,564018 0,744128 5,356387 1,279999 -1,0 0,0
0,7943721 2,169438 0,50855 1,57123 0,7430205 5,35387 1,277118 -1,0 0,0
0,7953295 2,163728 0,5080106 1,578527 0,7419007 5,351329 1,274208 -1,0 0,0
0,7962965 2,157969 0,507466 1,585905 0,7407705 5,348762 1,271271 -1,0 0,0
0,7972737 2,152158 0,5069158 1,593365 0,7396291 5,346173 1,268308 -1,0 0,0
0,798262 2,146296 0,5063593 1,600909 0,7384759 5,343558 1,265317 -1,0 0,0
0,7992597 2,140385 0,5057976 1,608535 0,7373128 5,340919 1,262301 -1,0 0,0
0,8002689 2,134422 0,5052296 1,616247 0,7361372 5,338257 1,259256 -1,0 0,0
0,8012949 2,128372 0,5046521 1,624089 0,7349433 5,335561 1,256166 -1,0 0,0
0,8023196 2,122344 0,5040754 1,631924 0,7337517 5,332875 1,253085 -1,0 0,0
0,8033719 2,116165 0,5034831 1,639973 0,7325291 5,330102 1,249926 -1,0 0,0
0,8044065 2,110098 0,5029017 1,647898 0,7313284 5,327441 1,246825 -1,0 0,0
0,8054847 2,103793 0,5022959 1,656156 0,730078 5,324653 1,243599 -1,0 0,0
0,8065256 2,097716 0,5017091 1,664128 0,7288716 5,321839 1,240488 -1,0 0,0
0,8076161 2,091366 0,5010951 1,672482 0,7276092 5,318931 1,237236 -1,0 0,0
0,8087057 2,085029 0,5004852 1,680851 0,7263495 5,316274 1,233993 -1,0 0,0
0,8098372 2,078465 0,499851 1,689542 0,7250426 5,313468 1,230631 -1,0 0,0
0,8108924 2,072357 0,4992527 1,697622 0,7238231 5,310348 1,227497 -1,0 0,0
0,8120201 2,065846 0,4986169 1,707761 0,7225218 5,307296 1,224156 -1,0 0,0
0,8131751 2,059189 0,4979738 1,725222 0,7211927 5,304704 1,220744 -1,0 0,0
0,8134221 2,057396 0,4977477 1,731181 0,7208736 5,296221 1,219816 -1,0 0,0
0,8120271 2,064517 0,4982897 1,716314 0,7223988 5,277901 1,223437 -1,0 0,0
0,8090003 2,080839 0,4996223 1,682722 0,7258234 5,24966 1,231747 -1,0 0,0
0,8044299 2,10538 0,5017524 1,648712 0,7311707 5,212448 1,244867 -1,0 0,0
0,7986199 2,132078 0,5045899 1,607054 0,7382471 5,164065 1,262386 -1,0 0,0
0,7925259 2,161789 0,5076894 1,564971 0,7460133 5,113528 1,281829 -1,0 0,0
0,7873693 2,187852 0,5104256 1,530935 0,7528857 5,069533 1,299083 -1,0 0,0
0,7833601 2,208731 0,5126201 1,505418 0,7584463 5,03356 1,313094 -1,0 0,0
0,7803593 2,224378 0,5139898 1,487136 0,7627569 5,004365 1,323886 -1,0 0,0
0,7782263 2,235217 0,5149064 1,474797 0,765918 4,981397 1,331677 -1,0 0,0
0,776459 2,244043 0,515636 1,464973 0,7681555 4,96069 1,338247 -1,0 0,0
0,775379 2,248622 0,5160189 1,459701 0,7692578 4,944533 1,342168 -1,0 0,0
0,7744335 2,25237 0,5163276 1,455358 0,7701815 4,928325 1,345608 -1,0 0,0
0,7736602 2,255106 0,5165523 1,452103 0,7708876 4,913693 1,348403 -1,0 0,0
0,7731357 2,256116 0,5166413 1,450538 0,7712415 4,900823 1,350168 -1,0 0,0
0,7727919 2,255946 0,5166406 1,450121 0,7713526 4,889632 1,351186 -1,0 0,0
0,7725697 2,254859 0,5165701 1,450552 0,7712818 4,879171 1,351678 -1,0 0,0
0,7723967 2,25347 0,5164784 1,45127 0,7711495 4,869313 1,35168 -1,0 0,0
0,7723383 2,251175 0,5163212 1,452802 0,7708412 4,860156 1,350431 -1,0 0,0
0,7723485 2,248425 0,5161325 1,454752 0,7704419 4,851754 1,348952 -1,0 0,0
0,7724153 2,245162 0,5159091 1,457139 0,7699479 4,843584 1,347209 -1,0 0,0
0,7726231 2,241793 0,5156801 1,459615 0,7694335 4,835753 1,345416 -1,0 0,0
0,7731638 2,237918 0,5154177 1,462521 0,7688264 4,828146 1,343363 -1,0 0,0
0,7737177 2,233933 0,5151498 1,46552 0,7681983 4,820875 1,341256 -1,0 0,0
0,7743201 2,229588 0,5148592 1,468811 0,7675069 4,813661 1,338967 -1,0 0,0
0,7749214 2,225232 0,5145701 1,472106 0,7668139 4,806659 1,336675 -1,0 0,0
0,7755643 2,220557 0,5142622 1,475654 0,7660671 4,799675 1,334222 -1,0 0,0
0,776203 2,215893 0,5139567 1,479187 0,7653223 4,792867 1,331776 -1,0 0,0
0,7768751 2,210966 0,5136368 1,482924 0,7645348 4,786022 1,329198 -1,0 0,0
0,7775385 2,206077 0,5133216 1,486619 0,7637554 4,779316 1,326642 -1,0 0,0
0,7782313 2,200951 0,5129933 1,490494 0,7629379 4,772547 1,323967 -1,0 0,0
0,778914 2,195881 0,5126705 1,494311 0,7621313 4,765883 1,321323 -1,0 0,0
0,7796217 2,190598 0,512337 1,498284 0,7612926 4,759143 1,318573 -1,0 0,0
0,7803159 2,185388 0,5120107 1,502186 0,7604686 4,752484 1,315863 -1,0 0,0
0,7810349 2,179974 0,5116738 1,508461 0,7596129 4,745743 1,313049 -1,0 0,0
0,7817394 2,174639 0,5113446 1,516788 0,758774 4,739065 1,31028 -1,0 0,0
0,7824668 2,169111 0,5110053 1,525367 0,7579049 4,732306 1,307413 -1,0 0,0
0,7831795 2,163664 0,5106739 1,533785 0,7570535 4,725597 1,304592 -1,0 0,0
0,7839132 2,158038 0,5103332 1,542436 0,7561739 4,718799 1,301679 -1,0 0,0
0,7846311 2,152495 0,5100014 1,550922 0,7553133 4,71204 1,298813 -1,0 0,0
0,7853696 2,146776 0,5096606 1,559634 0,7544259 4,705202 1,295859 -1,0 0,0
0,7860924 2,141141 0,5093282 1,568182 0,7535567 4,698385 1,292951 -1,0 0,0
0,786835 2,135335 0,5089874 1,576947 0,7526617 4,691501 1,289957 -1,0 0,0
0,7875617 2,129615 0,508655 1,585548 0,7517853 4,684621 1,28701 -1,0 0,0
0,7883078 2,123728 0,508314 1,594357 0,7508836 4,677684 1,28398 -1,0 0,0
0,7890387 2,117924 0,5079812 1,603006 0,7500001 4,670737 1,280995 -1,0 0,0
0,7897863 2,111964 0,5076416 1,611847 0,7490939 4,663741 1,277932 -1,0 0,0
0,7905192 2,106079 0,50731 1,620537 0,7482055 4,656725 1,274912 -1,0 0,0
0,7912698 2,100043 0,5069707 1,62941 0,7472935 4,649671 1,271816 -1,0 0,0
0,7920056 2,094076 0,5066394 1,638142 0,746399 4,642589 1,268758 -1,0 0,0
0,7927558 2,087975 0,5063026 1,647034 0,745485 4,635469 1,265634 -1,0 0,0
0,7934948 2,081924 0,505972 1,655808 0,7445843 4,628325 1,26254 -1,0 0,0
0,7942457 2,075753 0,5056367 1,664719 0,7436672 4,621142 1,259387 -1,0 0,0
0,7949851 2,069629 0,505308 1,682108 0,7427632 4,613926 1,256261 -1,0 0,0
0,795736 2,063395 0,504975 1,700948 0,7418439 4,606673 1,25308 -1,0 0,0
0,7964778 2,057189 0,5046472 1,719596 0,7409345 4,599393 1,249919 -1,0 0,0
0,7972298 2,050883 0,5042508 1,738421 0,7400113 4,592078 1,246708 -1,0 0,0
0,7979722 2,044605 0,5035177 1,75706 0,7390985 4,584727 1,243515 -1,0 0,0
0,7987227 2,038236 0,502778 1,775841 0,7381745 4,577343 1,240279 -1,0 0,0
0,7994653 2,031884 0,5020427 1,794465 0,7372593 4,569922 1,237055 -1,0 0,0
0,8002152 2,02545 0,5013011 1,813211 0,7363333 4,562472 1,233792 -1,0 0,0
0,8013192 2,019021 0,5005618 1,831826 0,7354134 4,554982 1,230534 -1,0 0,0
0,8028033 2,01252 0,4998189 1,850531 0,7338148 4,547465 1,227243 -1,0 0,0
0,8042833 2,006017 0,4990776 1,869123 0,7322026 4,53991 1,223955 -1,0 0,0
0,8057725 1,999445 0,4983323 1,893783 0,7305782 4,532331 1,220636 -1,0 0,0
0,8072588 1,992867 0,4975882 1,924802 0,7289541 4,52471 1,217315 -1,0 0,0
0,8087519 1,986228 0,4968416 1,95584 0,7273203 4,517066 1,213968 -1,0 0,0
0,8102431 1,979509 0,4960956 1,986673 0,7256859 4,509379 1,210617 -1,0 0,0
0,8117407 1,972621 0,4953468 2,017498 0,724042 4,501667 1,207242 -1,0 0,0
0,8132377 1,965711 0,4945985 2,048157 0,7223962 4,493919 1,20386 -1,0 0,0
0,8147389 1,958755 0,4938486 2,078767 0,7207431 4,486141 1,200456 -1,0 0,0
0,8162386 1,951775 0,4930996 2,10921 0,7190889 4,478325 1,197047 -1,0 0,0
0,8177434 1,944748 0,4923483 2,138336 0,7174268 4,470482 1,193617 -1,0 0,0
0,818319 1,941643 0,4920021 2,14449 0,7166936 4,457662 1,192583 -1,0 0,0
0,8172547 1,945559 0,492379 2,121931 0,7176198 4,436168 1,195842 -1,0 0,0
0,8144335 1,957336 0,4935576 2,062199 0,7203901 4,405529 1,203911 -1,0 0,0
0,8099512 1,977183 0,4955445 1,974986 0,7250287 4,366407 1,216926 -1,0 0,0
0,8039442 2,005418 0,4983469 1,870254 0,7315663 4,319686 1,235084 -1,0 0,0
0,797356 2,038401 0,5015803 1,76849 0,7391236 4,27036 1,251072 -1,0 0,0
0,7911748 2,071355 0,5047746 1,702432 0,746601 4,221459 1,266468 -1,0 0,0
0,7862374 2,09915 0,5074641 1,653411 0,7528802 4,176642 1,279238 -1,0 0,0
0,7822477 2,122641 0,5097507 1,616344 0,758187 4,138013 1,289846 -1,0 0,0
0,7790447 2,142149 0,5116869 1,588503 0,7626261 4,104535 1,29849 -1,0 0,0
0,7764479 2,158892 0,5133455 1,56742 0,7663654 4,075058 1,305526 -1,0 0,0
0,774361 2,173621 0,514764 1,551779 0,7694843 4,048965 1,311113 -1,0 0,0
0,7726776 2,185673 0,5159881 1,540303 0,7720928 4,025568 1,315493 -1,0 0,0
0,7713386 2,19528 0,5170435 1,532284 0,7742487 4,004487 1,318787 -1,0 0,0
0,7702773 2,202808 0,5179616 1,527001 0,7760283 3,985289 1,321167 -1,0 0,0
0,7694533 2,208458 0,5187605 1,524023 0,7774756 3,967711 1,322729 -1,0 0,0
0,7688241 2,212492 0,519462 1,522918 0,7786438 3,951478 1,323596 -1,0 0,0
0,7683622 2,215078 0,5200788 1,523413 0,7795659 3,936404 1,323842 -1,0 0,0
0,7680406 2,216403 0,5206249 1,525239 0,7802783 3,922305 1,323553 -1,0 0,0
0,7678373 2,216612 0,5208348 1,5282 0,7808095 3,909042 1,322795 -1,0 0,0
0,7677335 2,215851 0,5205793 1,532113 0,7811862 3,896488 1,321631 -1,0 0,0
0,7677156 2,214229 0,5202821 1,536852 0,7809086 3,884542 1,320108 -1,0 0,0
0,76777 2,211852 0,5199508 1,542293 0,7799183 3,873115 1,318273 -1,0 0,0
0,7678836 2,208821 0,5195921 1,548327 0,778838 3,862022 1,31617 -1,0 0,0
0,7680486 2,205212 0,5192094 1,554873 0,7776781 3,851117 1,31383 -1,0 0,0
0,7682568 2,201097 0,5188068 1,561861 0,7764498 3,840598 1,311285 -1,0 0,0
0,7685009 2,196537 0,5183885 1,569227 0,7751632 3,830412 1,308561 -1,0 0,0
0,7687751 2,191593 0,5179567 1,576914 0,7738261 3,820501 1,305682 -1,0 0,0
0,7690741 2,186305 0,5175149 1,585406 0,7724464 3,810832 1,302665 -1,0 0,0
0,7693959 2,180711 0,5170628 1,597637 0,7710271 3,801366 1,299526 -1,0 0,0
0,7704729 2,174849 0,5166041 1,610115 0,7695754 3,792074 1,296282 -1,0 0,0
0,7717937 2,168753 0,5161401 1,622802 0,7680959 3,782925 1,292945 -1,0 0,0
0,7731311 2,162448 0,5156717 1,63567 0,7665921 3,773899 1,289526 -1,0 0,0
0,7744836 2,155951 0,5151995 1,648701 0,7650658 3,764978 1,286033 -1,0 0,0
0,7758476 2,149289 0,5147259 1,661866 0,763522 3,756142 1,282476 -1,0 0,0
0,7772222 2,142478 0,5142502 1,675149 0,7619617 3,747376 1,278861 -1,0 0,0
0,7786066 2,135528 0,5137727 1,688538 0,760386 3,738672 1,275192 -1,0 0,0
0,7799979 2,12846 0,5132954 1,702008 0,7587988 3,730014 1,271129 -1,0 0,0
0,7813963 2,121279 0,5128174 1,715558 0,7571996 3,721394 1,266348 -1,0 0,0
0,7827998 2,113997 0,5123404 1,729172 0,7555913 3,7128 1,261529 -1,0 0,0
0,7842082 2,106622 0,5118638 1,742843 0,7539741 3,704058 1,256673 -1,0 0,0
0,7856214 2,099157 0,5113873 1,756565 0,7523478 3,695326 1,251782 -1,0 0,0
0,7870358 2,091621 0,5109135 1,770316 0,7507173 3,686596 1,246863 -1,0 0,0
0,7884547 2,084008 0,5104398 1,782195 0,7490789 3,677867 1,241913 -1,0 0,0
0,7898752 2,076326 0,509968 1,793534 0,7474352 3,669138 1,236934 -1,0 0,0
0,7912987 2,068579 0,5094968 1,804898 0,7457853 3,660402 1,231928 -1,0 0,0
0,7927217 2,060775 0,5090294 1,816278 0,7441332 3,651657 1,2269 -1,0 0,0
0,7941477 2,052908 0,5085624 1,827683 0,7424751 3,642905 1,221844 -1,0 0,0
0,7955751 2,044986 0,5080966 1,839102 0,740812 3,634139 1,216764 -1,0 0,0
0,7970021 2,037015 0,5076339 1,850529 0,7391471 3,625358 1,211663 -1,0 0,0
0,7984294 2,028997 0,5071733 1,861961 0,7374791 3,616561 1,206542 -1,0 0,0
0,7998577 2,020928 0,5067142 1,873404 0,7358068 3,607748 1,201397 -1,0 0,0
0,8012853 2,012814 0,5062581 1,884848 0,7341329 3,598917 1,196233 -1,0 0,0
0,802714 2,004652 0,5058033 1,8963 0,7324551 3,590068 1,191047 -1,0 0,0
0,804142 1,996448 0,5053511 1,907749 0,7307752 3,581199 1,185842 -1,0 0,0
0,8055686 1,988204 0,5048009 1,919195 0,7290944 3,572308 1,180619 -1,0 0,0
0,806996 1,979916 0,5035198 1,930641 0,7274101 3,563398 1,175376 -1,0 0,0
0,8096565 1,971591 0,5022391 1,942079 0,7257255 3,554464 1,170116 -1,0 0,0
0,8125901 1,963218 0,500956 1,953523 0,7240363 3,545513 1,164834 -1,0 0,0
0,8155252 1,95481 0,4996726 1,963222 0,7223462 3,536537 1,159535 -1,0 0,0
0,8184613 1,946366 0,4983889 1,967948 0,7206556 3,527537 1,154219 -1,0 0,0
0,8214008 1,93788 0,4971038 1,972676 0,718962 3,518515 1,148884 -1,0 0,0
0,8243399 1,929363 0,4958192 1,977396 0,7164166 3,509467 1,143534 -1,0 0,0
0,8272827 1,920802 0,494533 1,982119 0,7135528 3,500399 1,138164 -1,0 0,0
0,8302279 1,91228 0,4932457 1,98684 0,710682 3,491307 1,132776 -1,0 0,0
0,8331726 1,904738 0,4919592 1,991555 0,7078071 3,482191 1,127373 -1,0 0,0
0,8361206 1,897155 0,4906709 1,996269 0,7049243 3,473051 1,12195 -1,0 0,0
0,8390692 1,889543 0,4893825 2,000977 0,7020359 3,463886 1,116512 -1,0 0,0
0,8420196 1,881896 0,4880933 2,005679 0,6991409 3,454697 1,111056 -1,0 0,0
0,8438705 1,883247 0,4872114 2,004565 0,6971158 3,441641 1,107643 -1,0 0,0
0,8438395 1,900407 0,4870308 1,993627 0,6965901 3,422084 1,107759 -1,0 0,0
0,8418339 1,935561 0,48761 1,972692 0,6976857 3,395851 1,111706 -1,0 0,0
0,8379939 1,990195 0,4889402 1,942918 0,7003841 3,361226 1,119481 -1,0 0,0
0,8326122 4,279681 0,4909657 1,90628 0,7045715 3,319108 1,130873 -1,0 0,0
0,8257493 4,227612 0,493734 1,86357 0,7103606 3,27164 1,146231 -1,0 0,0
0,817443 4,168917 0,4973212 1,815464 0,7179283 3,2191 1,1661 -1,0 0,0
0,8086299 4,106274 0,501402 1,755555 0,7265764 3,165332 1,188887 -1,0 0,0
0,8004178 4,047081 0,5054857 1,698835 0,7352284 3,114721 1,208597 -1,0 0,0
0,7936527 3,995021 0,5091077 1,653365 0,7428372 3,067994 1,225975 -1,0 0,0
0,7880439 3,94873 0,5123369 1,616438 0,7495334 3,022751 1,241312 -1,0 0,0
0,783385 3,904773 0,5152234 1,586223 0,7554106 2,982812 1,254769 -1,0 0,0
0,7795037 3,864288 0,5178162 1,561325 0,7605652 2,947241 1,266524 -1,0 0,0
0,7762686 3,827549 0,5201547 1,540725 0,7650759 2,915316 1,276723 -1,0 0,0
0,773576 3,793982 0,5222708 1,523647 0,7690099 2,886464 1,285501 -1,0 0,0
0,7713407 3,763122 0,5231253 1,509487 0,7724284 2,860222 1,292981 -1,0 0,0
0,769492 3,734579 0,5235025 1,497765 0,7753873 2,836205 1,299279 -1,0 0,0
0,7679715 3,708032 0,523748 1,488094 0,7774796 2,814096 1,304503 -1,0 0,0
0,7667342 3,683215 0,5238764 1,480173 0,7778579 2,793638 1,308741 -1,0 0,0
0,7657378 3,65989 0,5239045 1,473737 0,7779409 2,774598 1,312094 -1,0 0,0
0,7649457 3,637853 0,5238475 1,468564 0,7777646 2,756779 1,314651 -1,0 0,0
0,7643265 3,616929 0,5237185 1,464468 0,7773616 2,740013 1,316498 -1,0 0,0
0,7638552 3,596701 0,5235277 1,461294 0,7767583 2,724151 1,31771 -1,0 0,0
0,7639616 3,576534 0,5232861 1,458905 0,7759827 2,709068 1,318416 -1,0 0,0
0,7649232 3,557183 0,5230024 1,457188 0,775057 2,694656 1,319286 -1,0 0,0
0,7659866 3,538534 0,5226851 1,456044 0,7740024 2,680819 1,3197 -1,0 0,0
0,7671384 3,520494 0,522339 1,455398 0,7728346 2,667482 1,319706 -1,0 0,0
0,7683655 3,502984 0,5219694 1,455182 0,7715673 2,654578 1,319352 -1,0 0,0
0,7696534 3,485927 0,5215832 1,455329 0,7702183 2,642044 1,318685 -1,0 0,0
0,7709953 3,469265 0,5211818 1,455794 0,768795 2,629832 1,317739 -1,0 0,0
0,7723802 3,45294 0,5207711 1,456529 0,7673108 2,617894 1,316552 -1,0 0,0
0,7738023 3,436909 0,5203528 1,457498 0,7657732 2,606194 1,31515 -1,0 0,0
0,7752548 3,421132 0,5199296 1,458668 0,7641897 2,5947 1,31356 -1,0 0,0
0,7767317 3,405573 0,5195046 1,460011 0,7625686 2,583382 1,311807 -1,0 0,0
0,7782307 3,390206 0,5190776 1,461507 0,7609127 2,572218 1,309906 -1,0 0,0
0,7797449 3,375001 0,5186526 1,463127 0,7592305 2,561184 1,30788 -1,0 0,0
0,7812732 3,359937 0,5182291 1,464861 0,757524 2,550264 1,30574 -1,0 0,0
0,7828122 3,344993 0,5178083 1,46669 0,7557966 2,539439 1,303502 -1,0 0,0
0,7843588 3,330153 0,5173923 1,468599 0,754054 2,528697 1,301178 -1,0 0,0
0,7859122 3,315403 0,5169798 1,469704 0,7522954 2,518026 1,298776 -1,0 0,0
0,787469 3,300724 0,5165734 1,468871 0,7505264 2,507412 1,29631 -1,0 0,0
0,7890278 3,286111 0,5161735 1,468077 0,7487491 2,496849 1,293786 -1,0 0,0
0,790589 3,271553 0,5157787 1,467319 0,7469622 2,486328 1,291207 -1,0 0,0
0,7921507 3,257041 0,5153903 1,466589 0,7451692 2,475844 1,288582 -1,0 0,0
0,79371 3,242564 0,5150098 1,465879 0,7433729 2,465385 1,285921 -1,0 0,0
0,7952672 3,228115 0,5136243 1,465188 0,7415733 2,454949 1,283226 -1,0 0,0
0,7968222 3,213689 0,5121518 1,464511 0,7397712 2,444531 1,2805 -1,0 0,0
0,7987194 3,199282 0,5106829 1,463845 0,7379678 2,434125 1,277749 -1,0 0,0
0,8011076 3,184889 0,5092179 1,463188 0,7361637 2,42373 1,274974 -1,0 0,0
0,8034913 3,170506 0,5077572 1,462536 0,7340726 2,413341 1,27218 -1,0 0,0
0,8058711 3,156129 0,5063003 1,461887 0,7315244 2,402956 1,269369 -1,0 0,0
0,8082472 3,141755 0,5048465 1,461241 0,7289732 2,392572 1,266542 -1,0 0,0
0,8106191 3,127381 0,5033962 1,460596 0,7264199 2,382187 1,2637 -1,0 0,0
0,812984 3,113003 0,5019514 1,459946 0,7238674 2,371797 1,264416 -1,0 0,0
0,8153431 3,098619 0,5005104 1,459292 0,7213143 2,361401 1,265418 -1,0 0,0
0,8176976 3,084229 0,4990728 1,458636 0,7187593 2,351 1,266434 -1,0 0,0
0,8200449 3,06983 0,4976401 1,457972 0,7162059 2,34059 1,267474 -1,0 0,0
0,822386 3,055422 0,4962118 1,457302 0,7136523 2,330171 1,268535 -1,0 0,0
0,8247209 3,041002 0,4947869 1,456625 0,7110986 2,319741 1,26962 -1,0 0,0
0,8270491 3,026569 0,4933665 1,45594 0,7085456 2,3093 1,270729 -1,0 0,0
0,8293716 3,012125 0,4919499 1,455247 0,7059924 2,298849 1,271862 -1,0 0,0
0,8316869 2,997664 0,4905373 1,454545 0,7034398 2,288384 1,273024 -1,0 0,0
0,8339947 2,983188 0,4891294 1,453831 0,7008891 2,277906 1,274216 -1,0 0,0
0,8362944 2,968696 0,4877264 1,453106 0,6983403 2,267413 1,27544 -1,0 0,0
0,8385884 2,954189 0,4863263 1,452372 0,6957909 2,256906 1,27669 -1,0 0,0
0,8408753 2,939663 0,4849303 1,450386 0,6932429 2,246384 1,277973 -1,0 0,0
0,8431553 2,925122 0,4835384 1,447004 0,6906955 2,235849 1,285563 -1,0 0,0
0,8454264 2,910561 0,4821516 1,443609 0,6881512 2,225296 1,303664 -1,0 0,0
0,8476912 2,895985 0,4807687 1,440203 0,6856076 2,21473 1,322032 -1,0 0,0
0,8499475 2,881386 0,4793902 1,436783 0,683066 2,204145 1,340691 -1,0 0,0
0,8519147 2,866768 0,4780169 1,43335 0,6805275 2,193543 1,359647 -1,0 0,0
0,8536904 2,852133 0,4766469 1,429906 0,6779892 2,182926 1,378885 -1,0 0,0
0,8554587 2,837478 0,4752811 1,426449 0,6754524 2,172292 3,653663 -1,0 0,0
0,857217 2,822803 0,4739212 1,422978 0,67292 2,161641 3,635011 -1,0 0,0
0,8589695 2,80811 0,4725279 1,419496 0,6703864 2,150976 3,616343 -1,0 0,0
0,8607126 2,793399 0,4705732 1,416002 0,6678566 2,140293 3,597656 -1,0 0,0
0,8624476 2,778667 0,4686211 1,412493 0,6653291 2,129592 3,578949 -1,0 0,0
0,8641753 2,763914 0,4666703 1,408972 0,6628023 2,118875 3,560222 -1,0 0,0
0,8658943 2,749144 0,4647225 1,405438 0,6602783 2,108142 3,541476 -1,0 0,0
0,8676038 2,73435 0,462778 1,401889 0,657758 2,097389 3,522707 -1,0 0,0
0,8693057 2,719539 0,4608355 1,398328 0,6554504 2,086621 3,503922 -1,0 0,0
0,8709987 2,704709 0,4588962 1,394753 0,6533393 2,075835 3,485116 -1,0 0,0
0,8726837 2,689857 0,4569591 1,391165 0,6512319 2,065033 3,466292 -1,0 0,0
0,8743596 2,674986 0,4550251 1,387563 0,6491296 2,054212 3,447446 -1,0 0,0
